0 40 40 10 
1 60 40 10 
2 80 40 10 
3 40 40 20 
4 60 60 10 
5 90 40 10 
6 100 40 10 
7 40 40 30 
8 60 40 20 
9 120 40 10 
10 80 60 10 
11 90 60 10 
12 100 60 10 
13 40 40 40 
14 80 80 10 
15 80 40 20 
16 60 40 30 
17 120 60 10 
18 60 60 20 
19 90 40 20 
20 90 80 10 
21 100 40 20 
22 100 80 10 
23 100 90 10 
24 60 40 40 
25 80 40 30 
26 80 60 20 
27 120 80 10 
28 120 40 20 
29 100 100 10 
30 90 40 30 
31 90 60 20 
32 60 60 30 
33 100 60 20 
34 100 40 30 
35 120 100 10 
36 80 80 20 
37 80 40 40 
38 80 60 30 
39 120 60 20 
40 60 60 40 
41 90 80 20 
42 90 40 40 
43 120 120 10 
44 120 40 30 
45 100 80 20 
46 100 40 40 
47 90 60 30 
48 100 90 20 
49 100 60 30 
50 60 60 50 
51 80 80 30 
52 120 80 20 
53 80 60 40 
54 120 40 40 
55 100 100 20 
56 60 60 60 
57 120 60 30 
58 90 80 30 
59 90 60 40 
60 140 40 40 
61 80 60 50 
62 100 80 30 
63 100 60 40 
64 120 100 20 
65 80 80 40 
66 160 40 40 
67 90 60 50 
68 100 90 30 
69 120 120 20 
70 80 60 60 
71 120 80 30 
72 90 80 40 
73 120 60 40 
74 100 60 50 
75 100 100 30 
76 80 80 50 
77 100 80 40 
78 90 60 60 
79 90 80 50 
80 100 60 60 
81 120 60 50 
82 100 90 40 
83 120 100 30 
84 80 80 60 
85 120 80 40 
86 100 80 50 
87 100 100 40 
88 120 120 30 
89 90 80 60 
90 120 60 60 
91 80 80 70 
92 140 80 40 
93 100 90 50 
94 120 100 40 
95 100 80 60 
96 120 80 50 
97 100 100 50 
98 90 80 70 
99 160 80 40 
100 80 80 80 
101 100 90 60 
102 140 100 40 
103 100 80 70 
104 120 120 40 
105 90 80 80 
106 120 80 60 
107 120 100 50 
108 100 100 60 
109 100 90 70 
110 160 100 40 
111 100 80 80 
112 120 80 70 
113 100 100 70 
114 120 120 50 
115 120 100 60 
116 100 90 80 
117 120 80 80 
118 100 100 80 
119 100 90 90 
120 120 100 70 
121 120 120 60 
122 140 80 80 
123 100 100 90 
124 100 100 90 
125 120 100 80 
126 100 100 100 
127 120 120 70 
128 160 80 80 
129 120 100 90 
130 140 100 80 
131 120 120 80 
132 120 100 100 
133 160 100 80 
134 120 120 90 
135 140 100 100 
136 120 120 100 
137 120 120 110 
138 160 100 100 
139 120 120 120 
